51 42 2 55 56 10 55 56 13 55 56 52 51 43 0 55 56 52 51 44 1 55 56 0 55 56 52 57 53 44 52 51 44 1 55 56 0 55 56 52 57 53 44 52 51 44 1 55 56 0 55 56 52 57 53 44 52 51 44 1 55 56 0 55 56 52 57 53 44 52 51 43 3 55 56 54 51 43 1 55 56 0 55 56 52 57 53 43 52 51 43 1 55 56 0 55 56 52 57 53 43 52 51 43 1 55 56 0 55 56 52 57 53 43 52 51 43 1 55 56 0 55 56 52 57 53 43 52 53 43 52 51 43 2 55 56 3 55 56 8 55 56 23 55 56 0 55 56 52 51 43 0 55 56 52 51 43 2 55 56 3 55 56 23 55 56 52 51 46 0 55 56 52 51 43 
23 55 56 36 55 56 6 55 56 7 55 56 52 51 44 52 57 53 44 52 51 44 52 57 53 44 52 51 44 52 57 53 44 52 51 43 52 57 53 43 52 53 43 52 51 43 6 55 56 2 55 56 21 55 56 20 55 56 7 55 56 52 51 43 3 55 56 52 51 44 0 55 56 3 55 56 52 57 53 44 52 51 44 0 55 56 
3 55 56 52 57 53 44 52 51 44 0 55 56 41 55 56 52 53 44 52 53 43 52 51 43 0 55 56 2 55 56 52 53 43 52 51 43 0 55 56 2 55 56 7 55 56 52 53 43 52 53 43 52 53 46 52 51 43 0 55 56 52 51 44 1 55 56 0 55 56 41 55 56 52 53 44 52 51 44 1 55 56 0 55 56 41 55 
56 52 53 44 52 51 44 1 55 56 0 55 56 41 55 56 52 53 44 52 51 44 1 55 56 0 55 56 41 55 56 52 53 44 52 51 44 1 55 56 0 55 56 41 55 56 52 53 44 52 51 44 1 55 56 0 55 56 41 55 56 52 53 44 52 51 44 1 55 56 0 55 56 41 55 56 52 53 44 52 53 43 52 53 43 52 51 43 0 55 56 2 55 56 52 51 43 0 55 56 52 51 44 0 55 56 1 55 56 52 57 53 44 52 51 44 0 55 56 1 55 56 52 57 53 44 52 51 44 0 55 56 1 55 56 52 57 53 44 52 51 43 3 55 56 52 53 43 52 51 44 1 55 56 41 55 56 52 53 44 52 51 44 1 55 56 41 55 56 52 53 44 52 51 44 1 55 56 52 57 53 44 52 51 44 1 55 56 52 57 53 44 52 51 44 1 55 56 52 57 53 44 52 51 44 1 55 56 41 55 56 52 53 44 52 51 44 1 55 56 41 55 56 52 53 44 52 53 43 52 51 48 0 55 56 3 55 56 4 55 56 52 51 49 52 51 43 1 55 56 52 57 53 43 52 51 43 1 55 56 52 57 53 43 52 51 43 1 55 56 52 57 53 43 52 51 43 1 55 56 52 57 53 43 52 51 43 1 55 56 52 57 53 43 52 51 43 1 55 56 52 57 53 43 52 51 43 1 55 56 52 57 53 43 52 51 43 1 55 56 52 57 53 43 52 51 43 1 55 56 52 57 53 43 52 51 43 1 55 56 52 57 53 43 52 53 49 52 53 48 52 51 48 0 55 56 3 55 56 4 55 56 7 55 56 52 51 49 52 51 43 1 55 56 52 57 53 43 52 51 43 1 55 56 52 57 53 43 52 51 43 1 55 56 52 57 53 43 52 51 43 1 55 56 52 57 53 43 52 51 43 1 55 56 52 57 53 43 52 51 43 1 55 56 52 57 53 43 52 51 43 1 
55 56 52 57 53 43 52 51 43 1 55 56 52 57 53 43 52 51 43 1 55 56 52 57 53 43 52 51 43 1 55 56 52 57 53 43 52 51 43 1 55 56 52 57 53 43 52 51 43 1 55 56 52 57 53 43 52 53 49 52 53 48 52 51 48 0 55 56 3 55 56 4 55 56 7 55 56 52 51 49 52 51 43 1 55 56 52 57 53 43 52 51 43 1 55 56 52 57 53 43 52 51 43 1 55 56 52 57 53 43 52 51 43 1 55 56 52 57 53 43 52 51 43 1 55 56 52 57 53 43 52 51 43 1 55 56 52 57 53 43 52 51 43 1 55 56 52 57 53 43 52 51 43 1 55 56 52 57 53 43 52 51 43 1 55 56 52 57 53 43 52 53 
49 52 51 50 52 51 43 1 55 56 52 57 53 43 52 51 43 1 55 56 52 57 53 43 52 51 43 1 55 56 52 57 53 43 52 51 43 1 55 56 52 57 53 43 52 51 43 1 55 56 52 57 53 43 52 51 43 1 55 56 52 57 53 43 52 51 43 1 55 56 52 57 53 43 52 51 43 1 55 56 52 57 53 43 52 51 43 1 55 56 52 57 53 43 52 53 50 52 51 50 52 51 43 1 55 56 52 57 53 43 52 51 43 1 55 56 52 57 53 43 52 51 43 1 55 56 52 57 53 43 52 51 43 1 55 56 52 57 53 43 52 51 43 1 55 56 52 57 53 43 52 51 43 1 55 56 52 57 53 43 52 51 43 1 55 56 52 57 53 43 52 51 43 1 55 56 52 57 53 43 52 51 43 1 55 56 52 57 53 43 52 53 50 52 51 50 52 51 43 1 55 56 52 57 53 43 52 51 43 1 55 56 52 57 53 43 52 51 43 1 55 56 52 57 53 43 52 51 43 1 55 56 52 57 53 43 52 51 43 1 55 56 52 57 53 43 52 51 43 1 55 56 52 57 53 43 52 
51 43 1 55 56 52 57 53 43 52 51 43 1 55 56 52 57 53 43 52 51 43 1 55 56 52 57 53 43 52 53 50 52 51 50 52 51 43 1 55 56 52 57 53 43 52 51 43 1 55 56 52 57 53 43 52 51 43 1 55 56 52 57 53 43 52 51 43 1 55 56 52 57 53 43 52 51 43 1 55 56 52 57 53 43 52 51 43 1 55 56 52 57 53 43 52 51 43 1 55 56 52 57 53 43 52 51 43 1 55 56 52 57 53 43 52 51 43 1 55 56 52 57 53 43 52 53 50 52 51 50 52 51 43 1 55 56 52 57 53 43 52 51 43 1 55 56 52 57 53 43 52 51 43 1 55 56 52 57 53 43 52 51 43 1 55 56 52 57 53 43 52 51 43 1 55 56 52 57 53 43 52 51 43 1 55 56 52 57 53 43 52 51 43 1 55 56 52 57 53 43 52 51 43 1 55 56 52 57 53 43 52 51 43 1 55 56 52 57 53 43 52 53 50 52 51 50 52 51 43 1 55 56 52 57 53 43 52 51 43 1 55 56 52 57 53 43 52 51 43 1 55 56 52 57 53 43 
52 51 43 1 55 56 52 57 53 43 52 51 43 1 55 56 52 57 53 43 52 51 43 1 55 56 52 57 53 43 52 51 43 1 55 56 52 57 53 43 52 51 43 1 55 56 52 57 53 43 52 51 43 1 55 56 52 57 53 43 52 53 50 52 51 50 52 51 43 1 55 56 52 57 53 43 52 51 43 1 55 56 52 57 53 43 52 51 43 1 55 56 52 57 53 43 52 51 43 1 55 56 52 57 53 43 52 51 43 1 55 56 52 57 53 43 52 51 43 1 55 56 52 57 53 43 52 51 43 1 55 56 52 57 53 43 52 51 43 1 55 56 52 57 53 43 52 51 43 1 55 56 52 57 53 43 52 53 50 52 51 50 52 51 43 1 55 56 52 57 53 43 52 51 43 1 55 56 52 57 53 43 52 51 43 1 55 56 52 57 53 43 52 51 43 1 55 56 52 57 53 43 52 51 43 1 55 56 52 57 53 43 52 51 43 1 55 56 52 57 53 43 52 51 43 1 55 56 52 57 53 43 52 51 43 1 55 56 52 57 53 43 52 51 43 1 55 56 52 57 53 43 52 53 50 52 51 
50 52 51 43 1 55 56 52 57 53 43 52 51 43 1 55 56 52 57 53 43 52 51 43 1 55 56 52 57 53 43 52 51 43 1 55 56 52 57 53 43 52 51 43 1 55 56 52 57 53 43 52 51 43 1 55 56 52 57 53 43 52 51 43 1 55 56 52 57 53 43 52 51 43 1 55 56 52 57 53 43 52 51 43 1 55 
56 52 57 53 43 52 53 50 52 51 50 52 51 43 1 55 56 52 57 53 43 52 51 43 1 55 56 52 57 53 43 52 51 43 1 55 56 52 57 53 43 52 51 43 1 55 56 52 57 53 43 52 51 43 1 55 56 52 57 53 43 52 51 43 1 55 56 52 57 53 43 52 51 43 1 55 56 52 57 53 43 52 51 43 1 55 56 52 57 53 43 52 51 43 1 55 56 52 57 53 43 52 53 50 52 53 48 52 53 43 52 53 43 52 51 43 3 55 56 2 55 56 0 55 56 52 51 43 0 55 56 52 51 43 36 55 56 3 55 56 23 55 56 31 55 56 52 51 43 0 55 56 52 57 53 43 52 53 43 52 51 43 12 55 56 52 53 43 52 51 48 
0 55 56 52 51 49 52 51 43 1 55 56 52 57 53 43 52 51 43 1 55 56 52 57 53 43 52 51 43 1 55 56 52 57 53 43 52 51 43 1 55 56 52 57 53 43 52 53 49 52 53 48 52 53 43 52 51 43 0 55 56 7 55 56 52 57 53 43 52 51 43 0 55 56 52 51 44 0 55 56 52 57 53 44 52 51 
44 0 55 56 52 57 53 44 52 53 43 52 51 43 0 55 56 52 51 43 0 55 56 52 51 44 0 55 56 52 51 43 1 55 56 52 57 53 43 52 51 43 1 55 56 52 57 53 43 52 53 44 52 51 44 0 55 56 52 51 43 1 55 56 52 57 53 43 52 51 43 1 55 56 52 57 53 43 52 53 44 52 53 43 52 51 
43 2 55 56 3 55 56 23 55 56 52 51 44 9 55 56 3 55 56 52 57 53 44 52 51 44 9 55 56 3 55 56 52 57 53 44 52 51 44 9 55 56 3 55 56 52 57 53 44 52 51 44 9 55 56 3 55 56 52 57 53 44 52 53 43 52 51 43 12 55 56 52 53 43 52 51 43 1 55 56 52 57 53 43 52 51 43 1 55 56 52 57 53 43 52 51 43 12 55 56 52 53 43 52 51 43 1 55 56 52 57 53 43 52 51 43 1 55 56 52 57 53 43 52 51 43 12 55 56 54 51 43 3 55 56 8 55 56 52 51 43 2 55 56 3 55 56 52 51 43 16 55 56 52 51 44 9 55 56 12 55 56 52 53 44 52 51 43 1 55 56 52 57 53 43 52 53 43 52 51 43 1 55 56 3 55 56 52 57 53 43 52 51 43 12 55 56 54 53 43 52 51 43 2 55 56 3 55 56 52 51 43 16 55 56 52 51 44 9 55 56 12 55 56 52 53 44 52 51 43 1 55 56 52 57 53 43 52 53 43 52 51 43 1 55 56 3 55 56 52 57 53 43 52 51 43 12 55 56 54 53 43 52 53 43 52 51 43 16 55 56 52 51 44 9 55 56 12 55 56 52 53 44 52 51 43 1 55 56 52 57 53 43 52 53 43 52 51 43 12 55 56 54 51 43 16 55 56 52 51 44 9 55 56 12 55 56 52 53 44 52 51 43 1 55 56 52 57 53 43 52 53 43 52 53 43 52 53 43 52 53 43 52 51 43 0 55 56 7 55 56 52 51 43 0 55 56 52 51 43 0 55 56 52 51 44 52 57 53 44 52 53 43 52 51 43 0 55 56 52 51 43 1 55 56 52 57 53 43 52 51 43 1 55 56 52 57 53 43 52 51 43 1 55 56 52 57 53 43 52 51 43 1 55 56 52 57 53 43 52 51 43 1 55 56 52 57 53 43 
52 51 43 1 55 56 52 57 53 43 52 53 43 52 53 43 52 51 43 0 55 56 52 51 43 1 55 56 52 51 43 52 57 53 43 52 51 43 52 57 53 43 52 53 43 52 51 43 1 55 56 52 51 43 52 57 53 43 52 53 43 52 51 43 1 55 56 52 51 43 52 57 53 43 52 53 43 52 51 43 1 55 56 52 51 
43 52 57 53 43 52 53 43 52 51 43 1 55 56 52 51 43 52 57 53 43 52 53 43 52 53 43 52 51 43 0 55 56 52 51 44 0 55 56 1 55 56 52 57 53 44 52 51 44 0 55 56 1 55 56 52 57 53 44 52 51 44 0 55 56 1 55 56 52 57 53 44 52 51 44 0 55 56 1 55 56 52 57 53 44 52 51 44 0 55 56 1 55 56 52 57 53 44 52 51 44 0 55 56 1 55 56 52 57 53 44 52 51 44 0 55 56 1 55 56 52 57 53 44 52 51 44 0 55 56 1 55 56 52 57 53 44 52 53 43 52 51 43 2 55 56 3 55 56 52 51 46 0 55 56 52 53 46 52 51 48 0 55 56 52 51 50 52 51 43 52 57 53 43 52 51 43 0 55 56 1 55 56 52 53 43 52 53 50 52 51 50 52 51 43 52 57 53 43 52 51 43 0 55 56 1 55 56 52 53 43 52 53 50 52 51 50 52 51 43 52 57 53 43 52 51 43 0 55 56 1 55 56 52 53 43 52 53 50 52 51 50 52 51 43 52 57 53 43 52 51 43 0 55 56 1 55 56 52 
53 43 52 53 50 52 51 50 52 51 43 52 57 53 43 52 51 43 0 55 56 1 55 56 52 53 43 52 53 50 52 51 50 52 51 43 52 57 53 43 52 51 43 0 55 56 1 55 56 52 53 43 52 53 50 52 51 50 52 51 43 52 57 53 43 52 51 43 0 55 56 1 55 56 52 53 43 52 53 50 52 51 50 52 51 
43 52 57 53 43 52 51 43 0 55 56 1 55 56 52 53 43 52 53 50 52 51 50 52 51 43 52 57 53 43 52 51 43 0 55 56 1 55 56 52 53 43 52 53 50 52 51 50 52 51 43 52 57 53 43 52 51 43 0 55 56 1 55 56 52 53 43 52 53 50 52 51 50 52 51 43 52 57 53 43 52 51 43 0 55 56 1 55 56 52 53 43 52 53 50 52 51 50 52 51 43 52 57 53 43 52 51 43 0 55 56 1 55 56 52 53 43 52 53 50 52 51 50 52 51 43 52 57 53 43 52 51 43 0 55 56 1 55 56 52 53 43 52 53 50 52 51 50 52 51 43 52 57 53 43 52 51 43 0 55 56 1 55 56 52 53 43 52 53 50 52 51 50 52 51 43 52 57 53 43 52 51 43 0 55 56 1 55 56 52 53 43 52 53 50 52 51 50 52 51 43 52 57 53 43 52 51 43 0 55 56 1 55 56 52 53 43 52 53 50 52 51 50 52 51 43 52 57 53 43 52 51 43 0 55 56 1 55 56 52 53 43 52 53 50 52 51 50 52 51 43 52 57 53 43 52 51 43 0 55 56 1 55 56 52 53 43 52 53 50 52 51 50 52 51 43 52 57 53 43 52 51 43 0 55 56 1 55 56 52 53 43 52 53 50 52 51 50 52 51 43 52 57 53 43 52 51 43 0 55 56 1 55 56 52 53 43 52 53 50 52 51 50 52 51 43 52 57 53 43 52 51 43 0 55 56 1 55 56 52 53 43 52 53 50 52 51 50 52 51 43 52 57 53 43 52 51 43 0 55 56 1 55 56 52 53 43 52 53 50 52 53 48 52 53 43 52 53 43 52 51 43 0 55 56 7 55 56 52 53 43 52 51 43 0 55 56 7 55 56 52 51 44 52 57 53 44 52 53 43 52 53 42 52